31
18 20 22 24 26 28 30 32 34 36 38 40 42 44 46 48 50 52 54 56 58 60 62 64 66 67 68 70 72 74 76
73
44 46 48 50 52 54 56 58 60 62 64 66 68 70 72 74 76 78 80 82 84 86 88 90 92 94 96 98 100 102 104 106 108 110 111 112 114 116 118 120 122 124 126 128 130 132 134 136 138 140 142 144 146 148 150 152 154 156 158 160 162 164 166 168 170 172 174 176 178 180 182 184 186
5
8 10 12 14 15
4
6 8 9 10
4
1 2 4 6
4
4 5 6 8
4
4 6 8 9
5
1 2 4 6 8
5
2 3 4 6 8
1
3
2
5 6
2
6 7
4
1 2 4 6
4
2 3 4 6
4
2 4 5 6 
4
2 4 6 7
5
1 2 4 6 8
5
2 3 4 6 8
5
2 4 5 6 8
5
2 4 6 7 8
5
2 4 6 8 9
0
